size: 149
1
2
3
4
5
6
7
8
9
787
786
687
686
676
785
685
675
587
586
576
585
575
565
784
684
674
584
574
564
487
486
476
485
475
465
484
474
464
454
783
683
673
583
573
563
483
473
463
453
387
386
376
385
375
365
384
374
364
354
383
373
363
353
343
782
682
672
582
572
562
482
472
462
452
382
372
362
352
342
287
286
276
285
275
265
284
274
264
254
283
273
263
253
243
282
272
262
252
242
232
781
681
671
581
571
561
481
471
461
451
381
371
361
351
341
281
271
261
251
241
231
187
186
176
185
175
165
184
174
164
154
183
173
163
153
143
182
172
162
152
142
132
181
171
161
151
141
131
121
